112.000000,320.000000,18.000000,10.000000,15.000000,100.000000,660.000000
212.000000,220.000000,18.000000,10.000000,15.000000,100.000000,660.000000
 found 2 stars 
Processing 99 files 
Processing File.../Users/paulfdoyle/Dropbox/ACN-Cfitsio-Devolpment/fitsfiles/testdataset-1-processed/CleanedObjectFiles/BF_0000001.fits
Working on Image 1 
Radius     X        Y          S       I       SkyB       Mag Estimate 
      1 112.3091 319.8727 16310.9971 16274.2266   36.77 13.47125 
      2 112.3091 319.8727 88802.6147 88547.5547   36.44 11.63206 
      3 112.3091 319.8727 168707.5083 167980.4795   36.35 10.93685 
      4 112.3091 319.8727 205735.3680 204285.7336   36.24 10.72440 
      5 112.3091 319.8727 223358.4317 221051.1644   36.05 10.63877 
      6 112.3091 319.8727 234493.8643 231023.7807   36.53 10.59086 
      7 112.3091 319.8727 240701.0590 235767.7186   37.09 10.56879 
      8 112.3091 319.8727 246884.7999 240399.8178   36.43 10.54766 
      9 112.3091 319.8727 251789.9709 243463.0263   36.68 10.53392 
     10 112.3091 319.8727 255719.3302 245297.8674   36.82 10.52577 
     11 112.3091 319.8727 261054.6788 248299.5842   36.76 10.51256 
     12 112.3091 319.8727 265708.4825 250315.8236   36.82 10.50378 
     13 112.3091 319.8727 270540.5001 252200.3742   37.13 10.49564 
     14 112.3091 319.8727 274753.8977 253873.5971   36.44 10.48846 
     15 112.3091 319.8727 279835.8243 255858.0968   36.44 10.48000 
     16 112.3091 319.8727 286804.4604 259182.7015   36.44 10.46598 
     17 112.3091 319.8727 291702.1723 260486.5233   36.42 10.46054 
Working on Image 2 
Radius     X        Y          S       I       SkyB       Mag Estimate 
      1 112.1346 319.6154 16455.6797 16415.7898   39.89 13.46185 
      2 112.1346 319.6154 97194.9917 96918.0441   39.56 11.53399 
      3 112.1346 319.6154 174545.4136 173810.4326   38.68 10.89981 
      4 112.1346 319.6154 211510.9601 209997.5484   38.81 10.69446 
      5 112.1346 319.6154 228576.9149 226213.1213   37.52 10.61371 
      6 112.1346 319.6154 240765.1079 237263.4630   36.48 10.56192 
      7 112.1346 319.6154 248399.9498 243494.5860   36.88 10.53378 
      8 112.1346 319.6154 254872.5276 248344.3367   36.88 10.51236 
      9 112.1346 319.6154 259942.4306 251533.2354   36.88 10.49851 
     10 112.1346 319.6154 264186.9115 253627.8314   37.44 10.48951 
     11 112.1346 319.6154 269416.7075 256697.5198   36.44 10.47645 
     12 112.1346 319.6154 274253.7799 259342.8433   35.84 10.46531 
     13 112.1346 319.6154 277726.9854 259922.9494   36.19 10.46289 
     14 112.1346 319.6154 282136.3049 261241.6194   36.47 10.45739 
     15 112.1346 319.6154 286608.4438 263027.8723   35.84 10.45000 
     16 112.1346 319.6154 292763.2072 265212.2841   36.44 10.44102 
     17 112.1346 319.6154 299051.6180 267913.9562   36.46 10.43001 
Working on Image 3 
Radius     X        Y          S       I       SkyB       Mag Estimate 
      1 112.0943 319.6793 16455.6797 16415.3785   40.30 13.46187 
      2 112.0943 319.6793 93257.9131 92983.7157   39.17 11.57898 
      3 112.0943 319.6793 167003.2294 166227.6459   38.78 10.94824 
      4 112.0943 319.6793 203252.2437 201739.4903   37.82 10.73802 
      5 112.0943 319.6793 219164.5088 216746.2219   37.79 10.66012 
      6 112.0943 319.6793 228834.7372 225203.8083   38.22 10.61856 
      7 112.0943 319.6793 235678.9920 230527.7828   38.73 10.59319 
      8 112.0943 319.6793 241029.0868 234173.6922   38.73 10.57615 
      9 112.0943 319.6793 246119.8311 237415.3685   38.18 10.56123 
     10 112.0943 319.6793 250255.1348 239468.5011   38.39 10.55188 
     11 112.0943 319.6793 254817.7060 241779.1970   37.47 10.54145 
     12 112.0943 319.6793 259080.6980 243485.2786   37.49 10.53382 
     13 112.0943 319.6793 263037.2751 244771.1915   36.98 10.52810 
     14 112.0943 319.6793 267888.8240 246925.9474   36.52 10.51858 
     15 112.0943 319.6793 272411.9582 248387.5992   36.46 10.51218 
     16 112.0943 319.6793 277229.5597 249295.9163   36.85 10.50821 
     17 112.0943 319.6793 282879.8398 251637.2363   36.46 10.49806 
Working on Image 4 
Radius     X        Y          S       I       SkyB       Mag Estimate 
      1 112.5400 319.3200  0.0000  0.0000   40.19     inf 
      2 112.5400 319.3200 97659.5596 97389.3166   38.61 11.52872 
      3 112.5400 319.3200 169053.1914 168325.0629   38.32 10.93463 
      4 112.5400 319.3200 201774.5034 200362.4248   38.16 10.74546 
      5 112.5400 319.3200 219365.4059 217030.0616   37.07 10.65870 
      6 112.5400 319.3200 229966.3763 226535.4738   37.70 10.61216 
      7 112.5400 319.3200 237240.5110 232379.9845   36.82 10.58450 
      8 112.5400 319.3200 242634.5644 236214.0670   36.69 10.56674 
      9 112.5400 319.3200 248123.1330 239801.3225   36.82 10.55037 
     10 112.5400 319.3200 252703.3856 242326.3883   36.41 10.53900 
     11 112.5400 319.3200 256750.3350 244141.2846   36.76 10.53090 
     12 112.5400 319.3200 261216.6237 246014.2859   36.63 10.52260 
     13 112.5400 319.3200 266200.9429 248850.3083   35.63 10.51015 
     14 112.5400 319.3200 270820.6669 250328.6770   36.01 10.50372 
     15 112.5400 319.3200 276209.6741 252765.8457   35.52 10.49320 
     16 112.5400 319.3200 281202.8585 254469.6460   35.60 10.48591 
     17 112.5400 319.3200 286872.8442 256449.0144   35.63 10.47750 
Working on Image 5 
Radius     X        Y          S       I       SkyB       Mag Estimate 
      1 112.5179 319.6250  0.0000  0.0000   36.95     inf 
      2 112.5179 319.6250 82178.5400 81956.5494   37.00 11.71604 
      3 112.5179 319.6250 157146.0137 156487.8582   36.56 11.01380 
      4 112.5179 319.6250 194352.6101 193039.5029   36.48 10.78588 
      5 112.5179 319.6250 214891.0143 212602.3374   36.33 10.68108 
      6 112.5179 319.6250 226903.5350 223606.4625   36.23 10.62629 
      7 112.5179 319.6250 235877.8459 231118.8510   36.33 10.59041 
      8 112.5179 319.6250 242036.7601 235692.7594   36.46 10.56913 
      9 112.5179 319.6250 247262.4994 239129.4191   36.47 10.55342 
     10 112.5179 319.6250 251756.3700 241461.0421   36.51 10.54288 
     11 112.5179 319.6250 256398.0675 243895.5363   36.66 10.53199 
     12 112.5179 319.6250 261283.8602 246194.0975   36.27 10.52181 
     13 112.5179 319.6250 265327.0764 247489.2812   36.40 10.51611 
     14 112.5179 319.6250 269702.0050 249274.6347   35.96 10.50830 
     15 112.5179 319.6250 274222.1905 250792.7424   35.55 10.50171 
     16 112.5179 319.6250 279542.7048 253385.1087   34.88 10.49055 
     17 112.5179 319.6250 285902.0937 256213.8540   34.72 10.47849 
Working on Image 6 
Radius     X        Y          S       I       SkyB       Mag Estimate 
      1 112.3636 319.9091 15274.7754 15237.8597   36.92 13.54269 
      2 112.3636 319.9091 83947.5244 83695.5246   36.00 11.69324 
      3 112.3636 319.9091 156648.9863 155971.0303   35.68 11.01739 
      4 112.3636 319.9091 201831.1127 200406.9659   35.60 10.74522 
      5 112.3636 319.9091 220152.5621 217856.1347   35.88 10.65458 
      6 112.3636 319.9091 231758.4806 228276.2388   35.90 10.60385 
      7 112.3636 319.9091 238396.0514 233626.4862   35.86 10.57869 
      8 112.3636 319.9091 243811.1184 237450.4333   35.73 10.56107 
      9 112.3636 319.9091 248696.3047 240515.2822   35.88 10.54714 
     10 112.3636 319.9091 253271.2853 243225.5484   35.62 10.53498 
     11 112.3636 319.9091 258735.3819 246298.9671   35.74 10.52134 
     12 112.3636 319.9091 262972.5946 248054.3701   35.95 10.51363 
     13 112.3636 319.9091 267464.8248 249800.4024   35.90 10.50602 
     14 112.3636 319.9091 272993.9229 252458.3583   35.90 10.49453 
     15 112.3636 319.9091 277635.4271 253998.0167   35.87 10.48792 
     16 112.3636 319.9091 282182.8634 255171.8504   35.73 10.48292 
     17 112.3636 319.9091 288052.6663 257590.1118   35.50 10.47268 
Working on Image 7 
Radius     X        Y          S       I       SkyB       Mag Estimate 
      1 112.8214 319.6964 13071.6191 13031.6959   39.92 13.71250 
      2 112.8214 319.6964 86688.3252 86414.3055   39.15 11.65854 
      3 112.8214 319.6964 163987.4307 163215.2657   38.61 10.96810 
      4 112.8214 319.6964 199676.9550 198191.1484   38.10 10.75729 
      5 112.8214 319.6964 219307.2163 216883.0925   37.88 10.65944 
      6 112.8214 319.6964 229997.7438 226297.7210   38.54 10.61330 
      7 112.8214 319.6964 237858.5842 232728.3709   38.57 10.58288 
      8 112.8214 319.6964 244083.9108 237256.4840   38.57 10.56195 
      9 112.8214 319.6964 249092.3668 240444.7281   37.93 10.54746 
     10 112.8214 319.6964 252889.2973 242440.0877   36.79 10.53849 
     11 112.8214 319.6964 257413.8583 244725.7290   36.57 10.52830 
     12 112.8214 319.6964 262903.3881 247851.3794   36.01 10.51452 
     13 112.8214 319.6964 268160.6090 250611.6283   35.60 10.50250 
     14 112.8214 319.6964 273004.5506 252382.9595   35.99 10.49485 
     15 112.8214 319.6964 277399.7858 253623.1614   36.03 10.48953 
     16 112.8214 319.6964 282638.7947 255373.0097   36.07 10.48206 
     17 112.8214 319.6964 287265.4188 256125.3990   36.42 10.47887 
Working on Image 8 
Radius     X        Y          S       I       SkyB       Mag Estimate 
      1 112.0714 319.8929 15495.8770 15456.6784   39.20 13.52721 
      2 112.0714 319.8929 97624.2397 97313.4018   38.85 11.52957 
      3 112.0714 319.8929 164675.3796 163887.2963   37.53 10.96364 
      4 112.0714 319.8929 203320.3785 201869.5657   37.20 10.73732 
      5 112.0714 319.8929 225150.9537 222736.3989   36.58 10.63052 
      6 112.0714 319.8929 236851.2325 233366.2798   36.30 10.57990 
      7 112.0714 319.8929 244063.1742 239220.1764   35.87 10.55301 
      8 112.0714 319.8929 249756.5560 243436.2353   35.51 10.53404 
      9 112.0714 319.8929 254628.5605 246586.4333   35.27 10.52008 
     10 112.0714 319.8929 259000.4150 249038.7438   34.71 10.50933 
     11 112.0714 319.8929 263957.3206 251751.1050   35.28 10.49757 
     12 112.0714 319.8929 268711.0751 253706.8644   35.90 10.48917 
     13 112.0714 319.8929 273197.0610 255841.4337   35.28 10.48007 
     14 112.0714 319.8929 278101.9304 258033.8849   34.84 10.47081 
     15 112.0714 319.8929 282920.2686 259833.9013   34.66 10.46326 
     16 112.0714 319.8929 287975.8756 261593.3000   34.90 10.45593 
     17 112.0714 319.8929 293546.7999 263614.6989   34.89 10.44758 
Working on Image 9 
Radius     X        Y          S       I       SkyB       Mag Estimate 
      1 112.2321 319.6250 16455.6797 16416.3942   39.29 13.46181 
      2 112.2321 319.6250 93572.6143 93298.6735   39.13 11.57531 
      3 112.2321 319.6250 170281.3955 169503.8599   38.88 10.92705 
      4 112.2321 319.6250 205118.9937 203670.4080   38.12 10.72768 
      5 112.2321 319.6250 225145.4816 222759.6213   37.87 10.63041 
      6 112.2321 319.6250 238373.1152 234744.9595   37.79 10.57351 
      7 112.2321 319.6250 247039.7483 241999.2668   37.62 10.54046 
      8 112.2321 319.6250 252402.5399 245686.6471   38.16 10.52405 
      9 112.2321 319.6250 258110.8119 249513.1966   38.04 10.50727 
     10 112.2321 319.6250 262336.3159 251640.7102   37.66 10.49805 
     11 112.2321 319.6250 266522.8183 253743.8377   37.04 10.48901 
     12 112.2321 319.6250 271335.6664 256577.8732   35.56 10.47695 
     13 112.2321 319.6250 275768.8870 258614.6103   35.08 10.46837 
     14 112.2321 319.6250 280920.1869 260669.5844   35.22 10.45977 
     15 112.2321 319.6250 285976.9307 263160.4913   34.52 10.44945 
     16 112.2321 319.6250 291539.1528 265709.8660   34.12 10.43898 
     17 112.2321 319.6250 296529.6035 268242.1892   33.16 10.42868 
Working on Image 10 
Radius     X        Y          S       I       SkyB       Mag Estimate 
      1 112.2222 319.5741 15449.0078 15411.2023   37.81 13.53041 
      2 112.2222 319.5741 89045.3608 88774.7832   38.65 11.62928 
      3 112.2222 319.5741 162031.7715 161312.5846   37.85 10.98083 
      4 112.2222 319.5741 197446.1054 196067.3135   37.26 10.76899 
      5 112.2222 319.5741 217386.4843 215053.9906   37.02 10.66863 
      6 112.2222 319.5741 228848.0612 225286.3885   37.10 10.61816 
      7 112.2222 319.5741 235284.6428 230391.9230   37.07 10.59383 
      8 112.2222 319.5741 241312.2254 234856.2395   36.89 10.57299 
      9 112.2222 319.5741 245172.3051 237030.2117   36.03 10.56299 
     10 112.2222 319.5741 250334.2356 240090.7662   36.20 10.54906 
     11 112.2222 319.5741 254094.7277 241560.1972   36.12 10.54244 
     12 112.2222 319.5741 257947.9634 242974.4286   36.08 10.53610 
     13 112.2222 319.5741 262010.5434 244190.3441   36.44 10.53068 
     14 112.2222 319.5741 268005.8091 247096.2665   36.49 10.51783 
     15 112.2222 319.5741 273055.7260 248897.4988   36.60 10.50995 
     16 112.2222 319.5741 278586.4666 251509.1334   35.86 10.49862 
     17 112.2222 319.5741 284319.4866 253500.8703   36.17 10.49005 
